H: 480 
W: 640 
fx: 535.4
fy: 539.2
cx: 320.1
cy: 247.6
crop_edge: 0
depth_scale: 5000.0
